Table B.2. Altitude integrated ion production [cm^{-2} s^{-1}] from direct excitation collisions (i.e. SI+SPEX, DI+SPEX, TEX+SPEX) for sulfur with incident ion energies between 10 and 2000 keV/u with no opacity effects considered. Everything has been normalized to a single incident ion/cm^2/s.
        
Charge  Ion Energy[keV/u]
State       10        50        75       100       200       300       500       1000      2000
S        3.33E+02  2.58E+03  2.95E+03  3.05E+03  3.08E+03  3.08E+03  3.07E+03  3.08E+03  3.08E+03
S^+      4.71E+01  1.22E+03  1.72E+03  1.98E+03  2.12E+03  2.12E+03  2.12E+03  2.12E+03  2.12E+03
S^{++}   2.07E+00  1.78E+02  4.77E+02  7.89E+02  1.15E+03  1.16E+03  1.16E+03  1.16E+03  1.16E+03
S^{3+}   1.57E-01  3.13E+01  1.50E+02  3.73E+02  1.01E+03  1.08E+03  1.08E+03  1.08E+03  1.08E+03
S^{4+}   2.26E-03  2.27E+00  1.34E+01  6.17E+01  7.08E+02  9.24E+02  9.41E+02  9.41E+02  9.42E+02
S^{5+}   0.00E+00  1.07E-01  1.52E+00  1.20E+01  5.16E+02  1.20E+03  1.42E+03  1.42E+03  1.42E+03
S^{6+}   0.00E+00  1.51E-04  3.92E-03  7.59E-02  1.50E+01  9.54E+01  2.01E+02  2.03E+02  2.03E+02
S^{7+}   0.00E+00  0.00E+00  0.00E+00  6.53E-04  9.02E-01  1.72E+01  9.47E+01  1.00E+02  1.00E+02
S^{8+}   0.00E+00  0.00E+00  0.00E+00  0.00E+00  1.16E-01  5.32E+00  6.71E+01  7.97E+01  7.96E+01
S^{9+}   0.00E+00  0.00E+00  0.00E+00  0.00E+00  4.12E-03  6.79E-01  3.37E+01  5.15E+01  5.15E+01
S^{10+}  0.00E+00  0.00E+00  0.00E+00  0.00E+00  5.02E-04  8.24E-02  1.65E+01  3.83E+01  3.80E+01
S^{11+}  0.00E+00  0.00E+00  0.00E+00  0.00E+00  5.02E-05  1.30E-02  9.15E+00  3.52E+01  3.54E+01
S^{12+}  0.00E+00  0.00E+00  0.00E+00  0.00E+00  0.00E+00  2.15E-03  6.59E+00  5.89E+01  6.06E+01
S^{13+}  0.00E+00  0.00E+00  0.00E+00  0.00E+00  0.00E+00  6.50E-04  1.15E+01  2.46E+02  3.00E+02
S^{14+}  0.00E+00  0.00E+00  0.00E+00  0.00E+00  0.00E+00  0.00E+00  1.25E-01  1.05E+01  2.97E+01
S^{15+}  0.00E+00  0.00E+00  0.00E+00  0.00E+00  0.00E+00  0.00E+00  7.21E-02  2.08E+02  2.88E+03