Table B.1. Altitude integrated ion production [cm^{-2} s^{-1}] from charge exchange collisions (i.e. TI, SC, SC+SS) for sulfur with incident ion energies between 10 and 2000 keV/u with no opacity effects considered. Everything has been normalized to a single incident ion/cm^2/s.
        
Charge  Ion Energy[keV/u]
State       10        50        75       100       200       300       500       1000      2000
S        2.33E+02  9.94E+02  1.07E+03  1.08E+03  1.08E+03  1.08E+03  1.08E+03  1.08E+03  1.08E+03
S^+      2.07E+02  2.24E+03  2.66E+03  2.78E+03  2.81E+03  2.81E+03  2.81E+03  2.81E+03  2.81E+03
S^{++}   3.88E+01  9.92E+02  1.51E+03  1.85E+03  2.09E+03  2.09E+03  2.09E+03  2.09E+03  2.09E+03
S^{3+}   2.16E+00  1.79E+02  4.61E+02  8.23E+02  1.42E+03  1.45E+03  1.45E+03  1.45E+03  1.45E+03
S^{4+}   3.01E-02  1.39E+01  6.23E+01  1.79E+02  8.22E+02  9.50E+02  9.56E+02  9.56E+02  9.56E+02
S^{5+}   3.57E-04  7.27E-01  5.21E+00  2.77E+01  6.14E+02  1.18E+03  1.33E+03  1.33E+03  1.33E+03
S^{6+}   0.00E+00  1.89E-03  3.04E-02  3.29E-01  4.12E+01  1.87E+02  3.28E+02  3.29E+02  3.30E+02
S^{7+}   0.00E+00  1.02E-04  6.12E-04  1.00E-02  4.99E+00  5.56E+01  1.86E+02  1.92E+02  1.92E+02
S^{8+}   0.00E+00  0.00E+00  0.00E+00  1.53E-04  3.35E-01  1.03E+01  9.98E+01  1.16E+02  1.16E+02
S^{9+}   0.00E+00  0.00E+00  0.00E+00  0.00E+00  2.23E-02  1.87E+00  6.18E+01  8.92E+01  8.92E+01
S^{10+}  0.00E+00  0.00E+00  0.00E+00  0.00E+00  7.14E-04  2.31E-01  2.60E+01  5.34E+01  5.34E+01
S^{11+}  0.00E+00  0.00E+00  0.00E+00  0.00E+00  5.10E-05  3.42E-02  1.66E+01  6.12E+01  6.13E+01
S^{12+}  0.00E+00  0.00E+00  0.00E+00  0.00E+00  0.00E+00  7.96E-03  1.11E+01  7.91E+01  8.15E+01
S^{13+}  0.00E+00  0.00E+00  0.00E+00  0.00E+00  0.00E+00  1.12E-03  1.03E+01  2.27E+02  2.78E+02
S^{14+}  0.00E+00  0.00E+00  0.00E+00  0.00E+00  0.00E+00  0.00E+00  7.41E-02  1.19E+01  3.81E+01
S^{15+}  0.00E+00  0.00E+00  0.00E+00  0.00E+00  0.00E+00  0.00E+00  4.14E-02  6.96E+00  2.39E+01