Tables A.5, B.7, and B.8. The X-ray efficiency ([cm^2 sec]^{−1} [keV/u]^{−1}) of outgoing photons as a function of initial ion energy including opacity effects.  No opacity effects and the viewing angles of 0°, 80°, and 90° are displayed for atmosphere 1. The efficiency shown here is that solely from direct excitation collisions for both oxygen and sulfur.  We also include the X-ray efficiencies that correspond to the JEDI energy bins at the time of writing.

 Viewing Angle:    0.0°
 Ion Energy [keV/u]      Total    O_Total         O6         O7  Ion Energy [keV/u]    S_Total         S8         S9        S10        S11        S12        S13        S14
       10.00           0.00000    0.00000    0.00000    0.00000         5.31           0.00000    0.00000    0.00000    0.00000    0.00000    0.00000    0.00000    0.00000
       11.62           0.00000    0.00000    0.00000    0.00000         6.06           0.00000    0.00000    0.00000    0.00000    0.00000    0.00000    0.00000    0.00000
       12.66           0.00000    0.00000    0.00000    0.00000         6.89           0.00000    0.00000    0.00000    0.00000    0.00000    0.00000    0.00000    0.00000
       13.79           0.00000    0.00000    0.00000    0.00000         7.76           0.00000    0.00000    0.00000    0.00000    0.00000    0.00000    0.00000    0.00000
       15.02           0.00000    0.00000    0.00000    0.00000         8.71           0.00000    0.00000    0.00000    0.00000    0.00000    0.00000    0.00000    0.00000
       16.18           0.00000    0.00000    0.00000    0.00000        10.00           0.00000    0.00000    0.00000    0.00000    0.00000    0.00000    0.00000    0.00000
       17.43           0.00000    0.00000    0.00000    0.00000        11.14           0.00000    0.00000    0.00000    0.00000    0.00000    0.00000    0.00000    0.00000
       18.77           0.00000    0.00000    0.00000    0.00000        12.27           0.00000    0.00000    0.00000    0.00000    0.00000    0.00000    0.00000    0.00000
       20.23           0.00000    0.00000    0.00000    0.00000        13.52           0.00000    0.00000    0.00000    0.00000    0.00000    0.00000    0.00000    0.00000
       22.28           0.00000    0.00000    0.00000    0.00000        14.89           0.00000    0.00000    0.00000    0.00000    0.00000    0.00000    0.00000    0.00000
       24.54           0.00000    0.00000    0.00000    0.00000        16.66           0.00000    0.00000    0.00000    0.00000    0.00000    0.00000    0.00000    0.00000
       27.04           0.00000    0.00000    0.00000    0.00000        18.64           0.00000    0.00000    0.00000    0.00000    0.00000    0.00000    0.00000    0.00000
       29.78           0.00000    0.00000    0.00000    0.00000        20.85           0.00000    0.00000    0.00000    0.00000    0.00000    0.00000    0.00000    0.00000
       33.32           0.00000    0.00000    0.00000    0.00000        23.33           0.00000    0.00000    0.00000    0.00000    0.00000    0.00000    0.00000    0.00000
       37.28           0.00000    0.00000    0.00000    0.00000        24.82           0.00000    0.00000    0.00000    0.00000    0.00000    0.00000    0.00000    0.00000
       41.70           0.00000    0.00000    0.00000    0.00000        26.40           0.00000    0.00000    0.00000    0.00000    0.00000    0.00000    0.00000    0.00000
       46.65           0.00000    0.00000    0.00000    0.00000        28.09           0.00000    0.00000    0.00000    0.00000    0.00000    0.00000    0.00000    0.00000
       50.00           0.00000    0.00000    0.00000    0.00000        29.89           0.00000    0.00000    0.00000    0.00000    0.00000    0.00000    0.00000    0.00000
       52.81           0.00000    0.00000    0.00000    0.00000        31.89           0.00000    0.00000    0.00000    0.00000    0.00000    0.00000    0.00000    0.00000
       56.18           0.00000    0.00000    0.00000    0.00000        34.03           0.00000    0.00000    0.00000    0.00000    0.00000    0.00000    0.00000    0.00000
       59.77           0.00000    0.00000    0.00000    0.00000        36.32           0.00000    0.00000    0.00000    0.00000    0.00000    0.00000    0.00000    0.00000
       63.78           0.00000    0.00000    0.00000    0.00000        38.76           0.00000    0.00000    0.00000    0.00000    0.00000    0.00000    0.00000    0.00000
       68.07           0.00000    0.00000    0.00000    0.00000        43.29           0.00000    0.00000    0.00000    0.00000    0.00000    0.00000    0.00000    0.00000
       72.64           0.00000    0.00000    0.00000    0.00000        48.35           0.00000    0.00000    0.00000    0.00000    0.00000    0.00000    0.00000    0.00000
       75.00           0.00000    0.00000    0.00000    0.00000        50.00           0.00000    0.00000    0.00000    0.00000    0.00000    0.00000    0.00000    0.00000
       77.52           0.00000    0.00000    0.00000    0.00000        54.01           0.00000    0.00000    0.00000    0.00000    0.00000    0.00000    0.00000    0.00000
       86.59           0.00001    0.00001    0.00001    0.00000        60.32           0.00000    0.00000    0.00000    0.00000    0.00000    0.00000    0.00000    0.00000
       96.71           0.00002    0.00002    0.00002    0.00000        69.95           0.00000    0.00000    0.00000    0.00000    0.00000    0.00000    0.00000    0.00000
      108.02           0.00005    0.00005    0.00005    0.00000        75.00           0.00000    0.00000    0.00000    0.00000    0.00000    0.00000    0.00000    0.00000
      100.00           0.00003    0.00003    0.00003    0.00000        81.11           0.00000    0.00000    0.00000    0.00000    0.00000    0.00000    0.00000    0.00000
      120.65           0.00014    0.00014    0.00014    0.00000        94.05           0.00000    0.00000    0.00000    0.00000    0.00000    0.00000    0.00000    0.00000
      125.00           0.00020    0.00020    0.00020    0.00000       100.00           0.00000    0.00000    0.00000    0.00000    0.00000    0.00000    0.00000    0.00000
      139.90           0.00052    0.00052    0.00052    0.00000       109.06           0.00000    0.00000    0.00000    0.00000    0.00000    0.00000    0.00000    0.00000
      150.00           0.00099    0.00098    0.00098    0.00000       125.00           0.00000    0.00000    0.00000    0.00000    0.00000    0.00000    0.00000    0.00000
      162.22           0.00176    0.00175    0.00174    0.00001       131.16           0.00001    0.00001    0.00000    0.00000    0.00000    0.00000    0.00000    0.00000
      175.00           0.00318    0.00315    0.00313    0.00002       150.00           0.00003    0.00003    0.00000    0.00000    0.00000    0.00000    0.00000    0.00000
      188.11           0.00516    0.00512    0.00508    0.00004       157.73           0.00005    0.00005    0.00000    0.00000    0.00000    0.00000    0.00000    0.00000
      200.00           0.00765    0.00754    0.00746    0.00007       175.00           0.00014    0.00013    0.00000    0.00000    0.00000    0.00000    0.00000    0.00000
      218.12           0.01287    0.01259    0.01242    0.00017       189.69           0.00032    0.00031    0.00001    0.00000    0.00000    0.00000    0.00000    0.00000
      250.00           0.02545    0.02496    0.02442    0.00054       200.00           0.00062    0.00059    0.00002    0.00000    0.00000    0.00000    0.00000    0.00000
      262.32           0.03254    0.03061    0.02984    0.00077       228.12           0.00223    0.00209    0.00013    0.00001    0.00000    0.00000    0.00000    0.00000
      300.00           0.05450    0.05042    0.04849    0.00194       250.00           0.00489    0.00451    0.00035    0.00003    0.00000    0.00000    0.00000    0.00000
      315.47           0.07869    0.05952    0.05684    0.00268       300.00           0.02016    0.01753    0.00230    0.00027    0.00004    0.00001    0.00001    0.00000
      350.00           0.13473    0.07956    0.07458    0.00498       350.00           0.05517    0.04404    0.00894    0.00163    0.00039    0.00010    0.00008    0.00000
      379.38           0.21743    0.09657    0.08886    0.00771       400.00           0.11464    0.08018    0.02425    0.00651    0.00209    0.00079    0.00081    0.00000
      400.00           0.32600    0.10800    0.09788    0.01012       450.00           0.19378    0.11267    0.04648    0.01751    0.00761    0.00404    0.00547    0.00000
      450.00           0.44598    0.13258    0.11523    0.01735       500.00           0.28206    0.12890    0.06645    0.03262    0.01813    0.01314    0.02282    0.00000
      456.25           0.69708    0.13586    0.11738    0.01848       600.00           0.42677    0.12277    0.07801    0.05083    0.03786    0.04054    0.09677    0.00000
      500.00           0.85368    0.15371    0.12719    0.02652       700.00           0.49998    0.10418    0.07044    0.05097    0.04351    0.05857    0.17232    0.00000
      600.00           0.87515    0.18250    0.13522    0.04728       800.00           0.51949    0.08836    0.06100    0.04553    0.04151    0.06369    0.21940    0.00001
      700.00           0.84694    0.19474    0.12949    0.06525       900.00           0.50726    0.07571    0.05290    0.03995    0.03742    0.06190    0.23937    0.00001
      800.00           0.79297    0.19583    0.11876    0.07706      1000.00           0.47772    0.06546    0.04635    0.03495    0.03332    0.05688    0.24074    0.00001
      900.00           0.73347    0.19006    0.10744    0.08263      1250.00           0.39125    0.04740    0.03475    0.02604    0.02534    0.04458    0.21312    0.00001
     1000.00           0.65857    0.18132    0.09713    0.08419      1500.00           0.31817    0.03547    0.02711    0.02007    0.01987    0.03553    0.18011    0.00001
     1250.00           0.52188    0.15597    0.07653    0.07945      1750.00           0.26136    0.02743    0.02166    0.01593    0.01601    0.02897    0.15135    0.00002
     1500.00           0.42335    0.13409    0.06245    0.07164      2000.00           0.21695    0.02147    0.01760    0.01283    0.01314    0.02400    0.12789    0.00002
     1750.00           0.11495    0.11495    0.05179    0.06316         0.00           0.00000    0.00000    0.00000    0.00000    0.00000    0.00000    0.00000    0.00000
     2000.00           0.10015    0.10015    0.04391    0.05623         0.00           0.00000    0.00000    0.00000    0.00000    0.00000    0.00000    0.00000    0.00000
     5000.00           0.02573    0.02573    0.00932    0.01641         0.00           0.00000    0.00000    0.00000    0.00000    0.00000    0.00000    0.00000    0.00000
    10000.00           0.00373    0.00373    0.00107    0.00266         0.00           0.00000    0.00000    0.00000    0.00000    0.00000    0.00000    0.00000    0.00000
    25000.00           0.00013    0.00013    0.00005    0.00009         0.00           0.00000    0.00000    0.00000    0.00000    0.00000    0.00000    0.00000    0.00000

 Viewing Angle:   80.0°
 Ion Energy [keV/u]      Total    O_Total         O6         O7  Ion Energy [keV/u]    S_Total         S8         S9        S10        S11        S12        S13        S14
       10.00           0.00000    0.00000    0.00000    0.00000         5.31           0.00000    0.00000    0.00000    0.00000    0.00000    0.00000    0.00000    0.00000
       11.62           0.00000    0.00000    0.00000    0.00000         6.06           0.00000    0.00000    0.00000    0.00000    0.00000    0.00000    0.00000    0.00000
       12.66           0.00000    0.00000    0.00000    0.00000         6.89           0.00000    0.00000    0.00000    0.00000    0.00000    0.00000    0.00000    0.00000
       13.79           0.00000    0.00000    0.00000    0.00000         7.76           0.00000    0.00000    0.00000    0.00000    0.00000    0.00000    0.00000    0.00000
       15.02           0.00000    0.00000    0.00000    0.00000         8.71           0.00000    0.00000    0.00000    0.00000    0.00000    0.00000    0.00000    0.00000
       16.18           0.00000    0.00000    0.00000    0.00000        10.00           0.00000    0.00000    0.00000    0.00000    0.00000    0.00000    0.00000    0.00000
       17.43           0.00000    0.00000    0.00000    0.00000        11.14           0.00000    0.00000    0.00000    0.00000    0.00000    0.00000    0.00000    0.00000
       18.77           0.00000    0.00000    0.00000    0.00000        12.27           0.00000    0.00000    0.00000    0.00000    0.00000    0.00000    0.00000    0.00000
       20.23           0.00000    0.00000    0.00000    0.00000        13.52           0.00000    0.00000    0.00000    0.00000    0.00000    0.00000    0.00000    0.00000
       22.28           0.00000    0.00000    0.00000    0.00000        14.89           0.00000    0.00000    0.00000    0.00000    0.00000    0.00000    0.00000    0.00000
       24.54           0.00000    0.00000    0.00000    0.00000        16.66           0.00000    0.00000    0.00000    0.00000    0.00000    0.00000    0.00000    0.00000
       27.04           0.00000    0.00000    0.00000    0.00000        18.64           0.00000    0.00000    0.00000    0.00000    0.00000    0.00000    0.00000    0.00000
       29.78           0.00000    0.00000    0.00000    0.00000        20.85           0.00000    0.00000    0.00000    0.00000    0.00000    0.00000    0.00000    0.00000
       33.32           0.00000    0.00000    0.00000    0.00000        23.33           0.00000    0.00000    0.00000    0.00000    0.00000    0.00000    0.00000    0.00000
       37.28           0.00000    0.00000    0.00000    0.00000        24.82           0.00000    0.00000    0.00000    0.00000    0.00000    0.00000    0.00000    0.00000
       41.70           0.00000    0.00000    0.00000    0.00000        26.40           0.00000    0.00000    0.00000    0.00000    0.00000    0.00000    0.00000    0.00000
       46.65           0.00000    0.00000    0.00000    0.00000        28.09           0.00000    0.00000    0.00000    0.00000    0.00000    0.00000    0.00000    0.00000
       50.00           0.00000    0.00000    0.00000    0.00000        29.89           0.00000    0.00000    0.00000    0.00000    0.00000    0.00000    0.00000    0.00000
       52.81           0.00000    0.00000    0.00000    0.00000        31.89           0.00000    0.00000    0.00000    0.00000    0.00000    0.00000    0.00000    0.00000
       56.18           0.00000    0.00000    0.00000    0.00000        34.03           0.00000    0.00000    0.00000    0.00000    0.00000    0.00000    0.00000    0.00000
       59.77           0.00000    0.00000    0.00000    0.00000        36.32           0.00000    0.00000    0.00000    0.00000    0.00000    0.00000    0.00000    0.00000
       63.78           0.00000    0.00000    0.00000    0.00000        38.76           0.00000    0.00000    0.00000    0.00000    0.00000    0.00000    0.00000    0.00000
       68.07           0.00000    0.00000    0.00000    0.00000        43.29           0.00000    0.00000    0.00000    0.00000    0.00000    0.00000    0.00000    0.00000
       72.64           0.00000    0.00000    0.00000    0.00000        48.35           0.00000    0.00000    0.00000    0.00000    0.00000    0.00000    0.00000    0.00000
       75.00           0.00000    0.00000    0.00000    0.00000        50.00           0.00000    0.00000    0.00000    0.00000    0.00000    0.00000    0.00000    0.00000
       77.52           0.00000    0.00000    0.00000    0.00000        54.01           0.00000    0.00000    0.00000    0.00000    0.00000    0.00000    0.00000    0.00000
       86.59           0.00001    0.00001    0.00001    0.00000        60.32           0.00000    0.00000    0.00000    0.00000    0.00000    0.00000    0.00000    0.00000
       96.71           0.00002    0.00002    0.00002    0.00000        69.95           0.00000    0.00000    0.00000    0.00000    0.00000    0.00000    0.00000    0.00000
      108.02           0.00005    0.00005    0.00005    0.00000        75.00           0.00000    0.00000    0.00000    0.00000    0.00000    0.00000    0.00000    0.00000
      100.00           0.00003    0.00003    0.00003    0.00000        81.11           0.00000    0.00000    0.00000    0.00000    0.00000    0.00000    0.00000    0.00000
      120.65           0.00014    0.00014    0.00014    0.00000        94.05           0.00000    0.00000    0.00000    0.00000    0.00000    0.00000    0.00000    0.00000
      125.00           0.00020    0.00020    0.00020    0.00000       100.00           0.00000    0.00000    0.00000    0.00000    0.00000    0.00000    0.00000    0.00000
      139.90           0.00052    0.00052    0.00052    0.00000       109.06           0.00000    0.00000    0.00000    0.00000    0.00000    0.00000    0.00000    0.00000
      150.00           0.00099    0.00098    0.00098    0.00000       125.00           0.00000    0.00000    0.00000    0.00000    0.00000    0.00000    0.00000    0.00000
      162.22           0.00175    0.00175    0.00174    0.00001       131.16           0.00001    0.00001    0.00000    0.00000    0.00000    0.00000    0.00000    0.00000
      175.00           0.00317    0.00315    0.00313    0.00002       150.00           0.00003    0.00003    0.00000    0.00000    0.00000    0.00000    0.00000    0.00000
      188.11           0.00515    0.00511    0.00507    0.00004       157.73           0.00005    0.00004    0.00000    0.00000    0.00000    0.00000    0.00000    0.00000
      200.00           0.00764    0.00753    0.00745    0.00007       175.00           0.00013    0.00013    0.00000    0.00000    0.00000    0.00000    0.00000    0.00000
      218.12           0.01284    0.01257    0.01240    0.00017       189.69           0.00031    0.00030    0.00001    0.00000    0.00000    0.00000    0.00000    0.00000
      250.00           0.02539    0.02491    0.02437    0.00054       200.00           0.00060    0.00058    0.00002    0.00000    0.00000    0.00000    0.00000    0.00000
      262.32           0.03242    0.03054    0.02977    0.00077       228.12           0.00216    0.00203    0.00013    0.00001    0.00000    0.00000    0.00000    0.00000
      300.00           0.05421    0.05028    0.04835    0.00193       250.00           0.00472    0.00435    0.00034    0.00003    0.00000    0.00000    0.00000    0.00000
      315.47           0.07758    0.05933    0.05665    0.00268       300.00           0.01919    0.01663    0.00225    0.00027    0.00004    0.00001    0.00001    0.00000
      350.00           0.13105    0.07923    0.07426    0.00497       350.00           0.05181    0.04099    0.00867    0.00160    0.00039    0.00010    0.00008    0.00000
      379.38           0.20818    0.09607    0.08838    0.00769       400.00           0.10633    0.07301    0.02332    0.00635    0.00206    0.00079    0.00080    0.00000
      400.00           0.30754    0.10736    0.09726    0.01010       450.00           0.17794    0.09983    0.04424    0.01696    0.00748    0.00399    0.00544    0.00000
      450.00           0.41753    0.13150    0.11421    0.01729       500.00           0.25742    0.11030    0.06238    0.03137    0.01776    0.01297    0.02265    0.00000
      456.25           0.64176    0.13471    0.11629    0.01842       600.00           0.38557    0.09587    0.07025    0.04762    0.03657    0.03972    0.09554    0.00000
      500.00           0.77415    0.15203    0.12562    0.02641       700.00           0.44437    0.07267    0.05965    0.04568    0.04103    0.05659    0.16875    0.00000
      600.00           0.77907    0.17905    0.13209    0.04696       800.00           0.45002    0.05414    0.04776    0.03827    0.03764    0.06014    0.21207    0.00001
      700.00           0.73416    0.18878    0.12430    0.06448       900.00           0.42419    0.04034    0.03773    0.03083    0.03206    0.05643    0.22680    0.00001
      800.00           0.66390    0.18682    0.11125    0.07557      1000.00           0.38166    0.03017    0.02981    0.02433    0.02647    0.04928    0.22159    0.00001
      900.00           0.55280    0.17778    0.09765    0.08012      1250.00           0.27002    0.01547    0.01713    0.01358    0.01595    0.03228    0.17560    0.00001
     1000.00           0.44503    0.16572    0.08527    0.08044      1500.00           0.18621    0.00859    0.01035    0.00794    0.00980    0.02095    0.12857    0.00001
     1250.00           0.31398    0.13287    0.06070    0.07217      1750.00           0.12937    0.00523    0.00655    0.00491    0.00630    0.01393    0.09243    0.00001
     1500.00           0.22584    0.10486    0.04397    0.06090      2000.00           0.09073    0.00338    0.00430    0.00317    0.00419    0.00944    0.06624    0.00001
     1750.00           0.08186    0.08186    0.03211    0.04975         0.00           0.00000    0.00000    0.00000    0.00000    0.00000    0.00000    0.00000    0.00000
     2000.00           0.06419    0.06419    0.02363    0.04057         0.00           0.00000    0.00000    0.00000    0.00000    0.00000    0.00000    0.00000    0.00000
     5000.00           0.00415    0.00415    0.00104    0.00311         0.00           0.00000    0.00000    0.00000    0.00000    0.00000    0.00000    0.00000    0.00000
    10000.00           0.00035    0.00035    0.00012    0.00022         0.00           0.00000    0.00000    0.00000    0.00000    0.00000    0.00000    0.00000    0.00000
    25000.00           0.00006    0.00006    0.00003    0.00003         0.00           0.00000    0.00000    0.00000    0.00000    0.00000    0.00000    0.00000    0.00000

 Viewing Angle:   90.0°
 Ion Energy [keV/u]      Total    O_Total         O6         O7  Ion Energy [keV/u]    S_Total         S8         S9        S10        S11        S12        S13        S14
       10.00           0.00000    0.00000    0.00000    0.00000         5.31           0.00000    0.00000    0.00000    0.00000    0.00000    0.00000    0.00000    0.00000
       11.62           0.00000    0.00000    0.00000    0.00000         6.06           0.00000    0.00000    0.00000    0.00000    0.00000    0.00000    0.00000    0.00000
       12.66           0.00000    0.00000    0.00000    0.00000         6.89           0.00000    0.00000    0.00000    0.00000    0.00000    0.00000    0.00000    0.00000
       13.79           0.00000    0.00000    0.00000    0.00000         7.76           0.00000    0.00000    0.00000    0.00000    0.00000    0.00000    0.00000    0.00000
       15.02           0.00000    0.00000    0.00000    0.00000         8.71           0.00000    0.00000    0.00000    0.00000    0.00000    0.00000    0.00000    0.00000
       16.18           0.00000    0.00000    0.00000    0.00000        10.00           0.00000    0.00000    0.00000    0.00000    0.00000    0.00000    0.00000    0.00000
       17.43           0.00000    0.00000    0.00000    0.00000        11.14           0.00000    0.00000    0.00000    0.00000    0.00000    0.00000    0.00000    0.00000
       18.77           0.00000    0.00000    0.00000    0.00000        12.27           0.00000    0.00000    0.00000    0.00000    0.00000    0.00000    0.00000    0.00000
       20.23           0.00000    0.00000    0.00000    0.00000        13.52           0.00000    0.00000    0.00000    0.00000    0.00000    0.00000    0.00000    0.00000
       22.28           0.00000    0.00000    0.00000    0.00000        14.89           0.00000    0.00000    0.00000    0.00000    0.00000    0.00000    0.00000    0.00000
       24.54           0.00000    0.00000    0.00000    0.00000        16.66           0.00000    0.00000    0.00000    0.00000    0.00000    0.00000    0.00000    0.00000
       27.04           0.00000    0.00000    0.00000    0.00000        18.64           0.00000    0.00000    0.00000    0.00000    0.00000    0.00000    0.00000    0.00000
       29.78           0.00000    0.00000    0.00000    0.00000        20.85           0.00000    0.00000    0.00000    0.00000    0.00000    0.00000    0.00000    0.00000
       33.32           0.00000    0.00000    0.00000    0.00000        23.33           0.00000    0.00000    0.00000    0.00000    0.00000    0.00000    0.00000    0.00000
       37.28           0.00000    0.00000    0.00000    0.00000        24.82           0.00000    0.00000    0.00000    0.00000    0.00000    0.00000    0.00000    0.00000
       41.70           0.00000    0.00000    0.00000    0.00000        26.40           0.00000    0.00000    0.00000    0.00000    0.00000    0.00000    0.00000    0.00000
       46.65           0.00000    0.00000    0.00000    0.00000        28.09           0.00000    0.00000    0.00000    0.00000    0.00000    0.00000    0.00000    0.00000
       50.00           0.00000    0.00000    0.00000    0.00000        29.89           0.00000    0.00000    0.00000    0.00000    0.00000    0.00000    0.00000    0.00000
       52.81           0.00000    0.00000    0.00000    0.00000        31.89           0.00000    0.00000    0.00000    0.00000    0.00000    0.00000    0.00000    0.00000
       56.18           0.00000    0.00000    0.00000    0.00000        34.03           0.00000    0.00000    0.00000    0.00000    0.00000    0.00000    0.00000    0.00000
       59.77           0.00000    0.00000    0.00000    0.00000        36.32           0.00000    0.00000    0.00000    0.00000    0.00000    0.00000    0.00000    0.00000
       63.78           0.00000    0.00000    0.00000    0.00000        38.76           0.00000    0.00000    0.00000    0.00000    0.00000    0.00000    0.00000    0.00000
       68.07           0.00000    0.00000    0.00000    0.00000        43.29           0.00000    0.00000    0.00000    0.00000    0.00000    0.00000    0.00000    0.00000
       72.64           0.00000    0.00000    0.00000    0.00000        48.35           0.00000    0.00000    0.00000    0.00000    0.00000    0.00000    0.00000    0.00000
       75.00           0.00000    0.00000    0.00000    0.00000        50.00           0.00000    0.00000    0.00000    0.00000    0.00000    0.00000    0.00000    0.00000
       77.52           0.00000    0.00000    0.00000    0.00000        54.01           0.00000    0.00000    0.00000    0.00000    0.00000    0.00000    0.00000    0.00000
       86.59           0.00001    0.00001    0.00001    0.00000        60.32           0.00000    0.00000    0.00000    0.00000    0.00000    0.00000    0.00000    0.00000
       96.71           0.00002    0.00002    0.00002    0.00000        69.95           0.00000    0.00000    0.00000    0.00000    0.00000    0.00000    0.00000    0.00000
      108.02           0.00005    0.00005    0.00005    0.00000        75.00           0.00000    0.00000    0.00000    0.00000    0.00000    0.00000    0.00000    0.00000
      100.00           0.00003    0.00003    0.00003    0.00000        81.11           0.00000    0.00000    0.00000    0.00000    0.00000    0.00000    0.00000    0.00000
      120.65           0.00014    0.00014    0.00014    0.00000        94.05           0.00000    0.00000    0.00000    0.00000    0.00000    0.00000    0.00000    0.00000
      125.00           0.00020    0.00020    0.00020    0.00000       100.00           0.00000    0.00000    0.00000    0.00000    0.00000    0.00000    0.00000    0.00000
      139.90           0.00052    0.00052    0.00052    0.00000       109.06           0.00000    0.00000    0.00000    0.00000    0.00000    0.00000    0.00000    0.00000
      150.00           0.00098    0.00098    0.00097    0.00000       125.00           0.00000    0.00000    0.00000    0.00000    0.00000    0.00000    0.00000    0.00000
      162.22           0.00174    0.00174    0.00173    0.00001       131.16           0.00001    0.00001    0.00000    0.00000    0.00000    0.00000    0.00000    0.00000
      175.00           0.00315    0.00313    0.00311    0.00002       150.00           0.00002    0.00002    0.00000    0.00000    0.00000    0.00000    0.00000    0.00000
      188.11           0.00512    0.00508    0.00504    0.00004       157.73           0.00004    0.00004    0.00000    0.00000    0.00000    0.00000    0.00000    0.00000
      200.00           0.00758    0.00747    0.00740    0.00007       175.00           0.00012    0.00012    0.00000    0.00000    0.00000    0.00000    0.00000    0.00000
      218.12           0.01271    0.01247    0.01230    0.00017       189.69           0.00027    0.00026    0.00001    0.00000    0.00000    0.00000    0.00000    0.00000
      250.00           0.02504    0.02462    0.02408    0.00054       200.00           0.00053    0.00050    0.00002    0.00000    0.00000    0.00000    0.00000    0.00000
      262.32           0.03175    0.03014    0.02937    0.00077       228.12           0.00185    0.00172    0.00012    0.00001    0.00000    0.00000    0.00000    0.00000
      300.00           0.05258    0.04932    0.04741    0.00192       250.00           0.00391    0.00358    0.00031    0.00002    0.00000    0.00000    0.00000    0.00000
      315.47           0.07222    0.05802    0.05537    0.00265       300.00           0.01493    0.01267    0.00196    0.00024    0.00004    0.00001    0.00001    0.00000
      350.00           0.11484    0.07687    0.07195    0.00492       350.00           0.03797    0.02877    0.00727    0.00141    0.00036    0.00009    0.00007    0.00000
      379.38           0.17070    0.09237    0.08478    0.00759       400.00           0.07429    0.04675    0.01867    0.00546    0.00189    0.00074    0.00077    0.00000
      400.00           0.23792    0.10245    0.09252    0.00994       450.00           0.12041    0.05721    0.03341    0.01411    0.00674    0.00373    0.00521    0.00000
      450.00           0.31442    0.12270    0.10580    0.01690       500.00           0.17255    0.05483    0.04355    0.02498    0.01562    0.01200    0.02156    0.00000
      456.25           0.46039    0.12524    0.10727    0.01798       600.00           0.25485    0.03238    0.03846    0.03223    0.02923    0.03473    0.08782    0.00000
      500.00           0.52835    0.13759    0.11202    0.02556       700.00           0.27912    0.01558    0.02249    0.02341    0.02754    0.04456    0.14553    0.00000
      600.00           0.48924    0.14795    0.10395    0.04400       800.00           0.25597    0.00787    0.01159    0.01337    0.01911    0.03965    0.16435    0.00001
      700.00           0.40446    0.13765    0.08060    0.05705       900.00           0.20752    0.00463    0.00614    0.00715    0.01129    0.02864    0.14966    0.00001
      800.00           0.30900    0.11730    0.05622    0.06109      1000.00           0.15336    0.00307    0.00371    0.00406    0.00634    0.01796    0.11821    0.00001
      900.00           0.18352    0.09456    0.03734    0.05722      1250.00           0.06405    0.00156    0.00164    0.00160    0.00214    0.00546    0.05164    0.00001
     1000.00           0.11914    0.07425    0.02481    0.04944      1500.00           0.02993    0.00097    0.00097    0.00095    0.00112    0.00240    0.02350    0.00001
     1250.00           0.06149    0.03920    0.00968    0.02952      1750.00           0.01593    0.00070    0.00067    0.00063    0.00074    0.00137    0.01180    0.00001
     1500.00           0.03352    0.02091    0.00434    0.01657      2000.00           0.00946    0.00055    0.00050    0.00047    0.00055    0.00088    0.00649    0.00001
     1750.00           0.01172    0.01172    0.00233    0.00939         0.00           0.00000    0.00000    0.00000    0.00000    0.00000    0.00000    0.00000    0.00000
     2000.00           0.00687    0.00687    0.00138    0.00550         0.00           0.00000    0.00000    0.00000    0.00000    0.00000    0.00000    0.00000    0.00000
     5000.00           0.00040    0.00040    0.00015    0.00025         0.00           0.00000    0.00000    0.00000    0.00000    0.00000    0.00000    0.00000    0.00000
    10000.00           0.00013    0.00013    0.00006    0.00007         0.00           0.00000    0.00000    0.00000    0.00000    0.00000    0.00000    0.00000    0.00000
    25000.00           0.00005    0.00005    0.00003    0.00003         0.00           0.00000    0.00000    0.00000    0.00000    0.00000    0.00000    0.00000    0.00000

 No opacity effects
 Ion Energy [keV/u]      Total    O_Total         O6         O7  Ion Energy [keV/u]    S_Total         S8         S9        S10        S11        S12        S13        S14
       10.00           0.00000    0.00000    0.00000    0.00000         5.31           0.00000    0.00000    0.00000    0.00000    0.00000    0.00000    0.00000    0.00000
       11.62           0.00000    0.00000    0.00000    0.00000         6.06           0.00000    0.00000    0.00000    0.00000    0.00000    0.00000    0.00000    0.00000
       12.66           0.00000    0.00000    0.00000    0.00000         6.89           0.00000    0.00000    0.00000    0.00000    0.00000    0.00000    0.00000    0.00000
       13.79           0.00000    0.00000    0.00000    0.00000         7.76           0.00000    0.00000    0.00000    0.00000    0.00000    0.00000    0.00000    0.00000
       15.02           0.00000    0.00000    0.00000    0.00000         8.71           0.00000    0.00000    0.00000    0.00000    0.00000    0.00000    0.00000    0.00000
       16.18           0.00000    0.00000    0.00000    0.00000        10.00           0.00000    0.00000    0.00000    0.00000    0.00000    0.00000    0.00000    0.00000
       17.43           0.00000    0.00000    0.00000    0.00000        11.14           0.00000    0.00000    0.00000    0.00000    0.00000    0.00000    0.00000    0.00000
       18.77           0.00000    0.00000    0.00000    0.00000        12.27           0.00000    0.00000    0.00000    0.00000    0.00000    0.00000    0.00000    0.00000
       20.23           0.00000    0.00000    0.00000    0.00000        13.52           0.00000    0.00000    0.00000    0.00000    0.00000    0.00000    0.00000    0.00000
       22.28           0.00000    0.00000    0.00000    0.00000        14.89           0.00000    0.00000    0.00000    0.00000    0.00000    0.00000    0.00000    0.00000
       24.54           0.00000    0.00000    0.00000    0.00000        16.66           0.00000    0.00000    0.00000    0.00000    0.00000    0.00000    0.00000    0.00000
       27.04           0.00000    0.00000    0.00000    0.00000        18.64           0.00000    0.00000    0.00000    0.00000    0.00000    0.00000    0.00000    0.00000
       29.78           0.00000    0.00000    0.00000    0.00000        20.85           0.00000    0.00000    0.00000    0.00000    0.00000    0.00000    0.00000    0.00000
       33.32           0.00000    0.00000    0.00000    0.00000        23.33           0.00000    0.00000    0.00000    0.00000    0.00000    0.00000    0.00000    0.00000
       37.28           0.00000    0.00000    0.00000    0.00000        24.82           0.00000    0.00000    0.00000    0.00000    0.00000    0.00000    0.00000    0.00000
       41.70           0.00000    0.00000    0.00000    0.00000        26.40           0.00000    0.00000    0.00000    0.00000    0.00000    0.00000    0.00000    0.00000
       46.65           0.00000    0.00000    0.00000    0.00000        28.09           0.00000    0.00000    0.00000    0.00000    0.00000    0.00000    0.00000    0.00000
       50.00           0.00000    0.00000    0.00000    0.00000        29.89           0.00000    0.00000    0.00000    0.00000    0.00000    0.00000    0.00000    0.00000
       52.81           0.00000    0.00000    0.00000    0.00000        31.89           0.00000    0.00000    0.00000    0.00000    0.00000    0.00000    0.00000    0.00000
       56.18           0.00000    0.00000    0.00000    0.00000        34.03           0.00000    0.00000    0.00000    0.00000    0.00000    0.00000    0.00000    0.00000
       59.77           0.00000    0.00000    0.00000    0.00000        36.32           0.00000    0.00000    0.00000    0.00000    0.00000    0.00000    0.00000    0.00000
       63.78           0.00000    0.00000    0.00000    0.00000        38.76           0.00000    0.00000    0.00000    0.00000    0.00000    0.00000    0.00000    0.00000
       68.07           0.00000    0.00000    0.00000    0.00000        43.29           0.00000    0.00000    0.00000    0.00000    0.00000    0.00000    0.00000    0.00000
       72.64           0.00000    0.00000    0.00000    0.00000        48.35           0.00000    0.00000    0.00000    0.00000    0.00000    0.00000    0.00000    0.00000
       75.00           0.00000    0.00000    0.00000    0.00000        50.00           0.00000    0.00000    0.00000    0.00000    0.00000    0.00000    0.00000    0.00000
       77.52           0.00000    0.00000    0.00000    0.00000        54.01           0.00000    0.00000    0.00000    0.00000    0.00000    0.00000    0.00000    0.00000
       86.59           0.00001    0.00001    0.00001    0.00000        60.32           0.00000    0.00000    0.00000    0.00000    0.00000    0.00000    0.00000    0.00000
       96.71           0.00002    0.00002    0.00002    0.00000        69.95           0.00000    0.00000    0.00000    0.00000    0.00000    0.00000    0.00000    0.00000
      108.02           0.00005    0.00005    0.00005    0.00000        75.00           0.00000    0.00000    0.00000    0.00000    0.00000    0.00000    0.00000    0.00000
      100.00           0.00003    0.00003    0.00003    0.00000        81.11           0.00000    0.00000    0.00000    0.00000    0.00000    0.00000    0.00000    0.00000
      120.65           0.00014    0.00014    0.00014    0.00000        94.05           0.00000    0.00000    0.00000    0.00000    0.00000    0.00000    0.00000    0.00000
      125.00           0.00020    0.00020    0.00020    0.00000       100.00           0.00000    0.00000    0.00000    0.00000    0.00000    0.00000    0.00000    0.00000
      139.90           0.00052    0.00052    0.00052    0.00000       109.06           0.00000    0.00000    0.00000    0.00000    0.00000    0.00000    0.00000    0.00000
      150.00           0.00099    0.00098    0.00098    0.00000       125.00           0.00000    0.00000    0.00000    0.00000    0.00000    0.00000    0.00000    0.00000
      162.22           0.00176    0.00175    0.00174    0.00001       131.16           0.00001    0.00001    0.00000    0.00000    0.00000    0.00000    0.00000    0.00000
      175.00           0.00318    0.00315    0.00313    0.00002       150.00           0.00003    0.00003    0.00000    0.00000    0.00000    0.00000    0.00000    0.00000
      188.11           0.00516    0.00512    0.00508    0.00004       157.73           0.00005    0.00005    0.00000    0.00000    0.00000    0.00000    0.00000    0.00000
      200.00           0.00766    0.00754    0.00747    0.00007       175.00           0.00014    0.00013    0.00000    0.00000    0.00000    0.00000    0.00000    0.00000
      218.12           0.01287    0.01260    0.01242    0.00017       189.69           0.00032    0.00031    0.00001    0.00000    0.00000    0.00000    0.00000    0.00000
      250.00           0.02546    0.02497    0.02443    0.00054       200.00           0.00062    0.00060    0.00002    0.00000    0.00000    0.00000    0.00000    0.00000
      262.32           0.03257    0.03062    0.02985    0.00077       228.12           0.00224    0.00210    0.00013    0.00001    0.00000    0.00000    0.00000    0.00000
      300.00           0.05456    0.05045    0.04852    0.00194       250.00           0.00493    0.00455    0.00035    0.00003    0.00000    0.00000    0.00000    0.00000
      315.47           0.07894    0.05956    0.05688    0.00268       300.00           0.02038    0.01774    0.00231    0.00027    0.00004    0.00001    0.00001    0.00000
      350.00           0.13558    0.07963    0.07465    0.00498       350.00           0.05595    0.04474    0.00900    0.00164    0.00039    0.00010    0.00008    0.00000
      379.38           0.21961    0.09667    0.08896    0.00771       400.00           0.11660    0.08190    0.02446    0.00655    0.00210    0.00079    0.00081    0.00000
      400.00           0.33046    0.10814    0.09801    0.01013       450.00           0.19762    0.11585    0.04698    0.01763    0.00764    0.00404    0.00548    0.00000
      450.00           0.45300    0.13281    0.11545    0.01736       500.00           0.28817    0.13365    0.06738    0.03289    0.01821    0.01317    0.02286    0.00000
      456.25           0.71132    0.13610    0.11761    0.01849       600.00           0.43741    0.13013    0.07984    0.05156    0.03814    0.04072    0.09703    0.00000
      500.00           0.87497    0.15406    0.12752    0.02654       700.00           0.51493    0.11346    0.07309    0.05221    0.04407    0.05900    0.17309    0.00000
      600.00           0.90193    0.18324    0.13589    0.04735       800.00           0.53902    0.09936    0.06444    0.04732    0.04241    0.06448    0.22100    0.00001
      700.00           0.87972    0.19605    0.13063    0.06541       900.00           0.53175    0.08822    0.05710    0.04235    0.03873    0.06317    0.24218    0.00001
      800.00           0.83215    0.19783    0.12044    0.07738      1000.00           0.50745    0.07929    0.05126    0.03798    0.03508    0.05871    0.24513    0.00001
      900.00           0.79534    0.19285    0.10968    0.08317      1250.00           0.43379    0.06358    0.04104    0.03041    0.02820    0.04796    0.22260    0.00001
     1000.00           0.74104    0.18493    0.09991    0.08502      1500.00           0.37074    0.05286    0.03429    0.02530    0.02351    0.04016    0.19461    0.00002
     1250.00           0.61106    0.16161    0.08049    0.08112      1750.00           0.32104    0.04544    0.02937    0.02172    0.02016    0.03447    0.16986    0.00002
     1500.00           0.51736    0.14169    0.06746    0.07423      2000.00           0.28175    0.03967    0.02567    0.01898    0.01767    0.03015    0.14960    0.00002
     1750.00           0.12420    0.12420    0.05762    0.06658         0.00           0.00000    0.00000    0.00000    0.00000    0.00000    0.00000    0.00000    0.00000
     2000.00           0.11101    0.11101    0.05053    0.06048         0.00           0.00000    0.00000    0.00000    0.00000    0.00000    0.00000    0.00000    0.00000
     5000.00           0.04689    0.04689    0.02016    0.02673         0.00           0.00000    0.00000    0.00000    0.00000    0.00000    0.00000    0.00000    0.00000
    10000.00           0.02353    0.02353    0.01006    0.01347         0.00           0.00000    0.00000    0.00000    0.00000    0.00000    0.00000    0.00000    0.00000
    25000.00           0.00951    0.00951    0.00406    0.00544         0.00           0.00000    0.00000    0.00000    0.00000    0.00000    0.00000    0.00000    0.00000

