Figures 7 and 8. The entire outgoing X-ray flux efficiency for all X-ray producing oxygen and sulfur charge states as a function of initial ion energy from a single incident ion/cm^2/s with an isotropic downward distribution of pitch angles from charge exchange in atmosphere 1.

 Viewing Angle:    0.0°
 Ion Energy [keV/u]      Total    O_Total         O6         O7  Ion Energy [keV/u]    S_Total         S8         S9        S10        S11        S12        S13        S14
       10.00           0.00000    0.00000    0.00000    0.00000         5.31           0.00000    0.00000    0.00000    0.00000    0.00000    0.00000    0.00000    0.00000
       11.62           0.00000    0.00000    0.00000    0.00000         6.06           0.00000    0.00000    0.00000    0.00000    0.00000    0.00000    0.00000    0.00000
       12.66           0.00000    0.00000    0.00000    0.00000         6.89           0.00000    0.00000    0.00000    0.00000    0.00000    0.00000    0.00000    0.00000
       13.79           0.00000    0.00000    0.00000    0.00000         7.76           0.00000    0.00000    0.00000    0.00000    0.00000    0.00000    0.00000    0.00000
       15.02           0.00000    0.00000    0.00000    0.00000         8.71           0.00000    0.00000    0.00000    0.00000    0.00000    0.00000    0.00000    0.00000
       16.18           0.00000    0.00000    0.00000    0.00000        10.00           0.00000    0.00000    0.00000    0.00000    0.00000    0.00000    0.00000    0.00000
       17.43           0.00000    0.00000    0.00000    0.00000        11.14           0.00000    0.00000    0.00000    0.00000    0.00000    0.00000    0.00000    0.00000
       18.77           0.00000    0.00000    0.00000    0.00000        12.27           0.00000    0.00000    0.00000    0.00000    0.00000    0.00000    0.00000    0.00000
       20.23           0.00000    0.00000    0.00000    0.00000        13.52           0.00000    0.00000    0.00000    0.00000    0.00000    0.00000    0.00000    0.00000
       22.28           0.00000    0.00000    0.00000    0.00000        14.89           0.00000    0.00000    0.00000    0.00000    0.00000    0.00000    0.00000    0.00000
       24.54           0.00000    0.00000    0.00000    0.00000        16.66           0.00000    0.00000    0.00000    0.00000    0.00000    0.00000    0.00000    0.00000
       27.04           0.00000    0.00000    0.00000    0.00000        18.64           0.00000    0.00000    0.00000    0.00000    0.00000    0.00000    0.00000    0.00000
       29.78           0.00000    0.00000    0.00000    0.00000        20.85           0.00000    0.00000    0.00000    0.00000    0.00000    0.00000    0.00000    0.00000
       33.32           0.00000    0.00000    0.00000    0.00000        23.33           0.00000    0.00000    0.00000    0.00000    0.00000    0.00000    0.00000    0.00000
       37.28           0.00000    0.00000    0.00000    0.00000        24.82           0.00000    0.00000    0.00000    0.00000    0.00000    0.00000    0.00000    0.00000
       41.70           0.00000    0.00000    0.00000    0.00000        26.40           0.00000    0.00000    0.00000    0.00000    0.00000    0.00000    0.00000    0.00000
       46.65           0.00000    0.00000    0.00000    0.00000        28.09           0.00000    0.00000    0.00000    0.00000    0.00000    0.00000    0.00000    0.00000
       50.00           0.00000    0.00000    0.00000    0.00000        29.89           0.00000    0.00000    0.00000    0.00000    0.00000    0.00000    0.00000    0.00000
       52.81           0.00000    0.00000    0.00000    0.00000        31.89           0.00000    0.00000    0.00000    0.00000    0.00000    0.00000    0.00000    0.00000
       56.18           0.00000    0.00000    0.00000    0.00000        34.03           0.00000    0.00000    0.00000    0.00000    0.00000    0.00000    0.00000    0.00000
       59.77           0.00000    0.00000    0.00000    0.00000        36.32           0.00000    0.00000    0.00000    0.00000    0.00000    0.00000    0.00000    0.00000
       63.78           0.00000    0.00000    0.00000    0.00000        38.76           0.00000    0.00000    0.00000    0.00000    0.00000    0.00000    0.00000    0.00000
       68.07           0.00000    0.00000    0.00000    0.00000        43.29           0.00000    0.00000    0.00000    0.00000    0.00000    0.00000    0.00000    0.00000
       72.64           0.00000    0.00000    0.00000    0.00000        48.35           0.00000    0.00000    0.00000    0.00000    0.00000    0.00000    0.00000    0.00000
       75.00           0.00000    0.00000    0.00000    0.00000        50.00           0.00000    0.00000    0.00000    0.00000    0.00000    0.00000    0.00000    0.00000
       77.52           0.00000    0.00000    0.00000    0.00000        54.01           0.00000    0.00000    0.00000    0.00000    0.00000    0.00000    0.00000    0.00000
       86.59           0.00000    0.00000    0.00000    0.00000        60.32           0.00000    0.00000    0.00000    0.00000    0.00000    0.00000    0.00000    0.00000
       96.71           0.00002    0.00002    0.00002    0.00000        69.95           0.00000    0.00000    0.00000    0.00000    0.00000    0.00000    0.00000    0.00000
      100.00           0.00002    0.00002    0.00002    0.00000        75.00           0.00000    0.00000    0.00000    0.00000    0.00000    0.00000    0.00000    0.00000
      108.02           0.00005    0.00005    0.00004    0.00000        81.11           0.00000    0.00000    0.00000    0.00000    0.00000    0.00000    0.00000    0.00000
      120.65           0.00013    0.00013    0.00013    0.00000        94.05           0.00000    0.00000    0.00000    0.00000    0.00000    0.00000    0.00000    0.00000
      125.00           0.00018    0.00018    0.00017    0.00001       100.00           0.00000    0.00000    0.00000    0.00000    0.00000    0.00000    0.00000    0.00000
      139.90           0.00050    0.00050    0.00047    0.00002       109.06           0.00000    0.00000    0.00000    0.00000    0.00000    0.00000    0.00000    0.00000
      150.00           0.00089    0.00088    0.00084    0.00004       125.00           0.00002    0.00002    0.00000    0.00000    0.00000    0.00000    0.00000    0.00000
      162.22           0.00168    0.00165    0.00157    0.00008       131.16           0.00003    0.00003    0.00000    0.00000    0.00000    0.00000    0.00000    0.00000
      175.00           0.00306    0.00297    0.00280    0.00017       150.00           0.00010    0.00010    0.00000    0.00000    0.00000    0.00000    0.00000    0.00000
      188.11           0.00496    0.00482    0.00453    0.00029       157.73           0.00017    0.00016    0.00000    0.00000    0.00000    0.00000    0.00000    0.00000
      200.00           0.00764    0.00721    0.00676    0.00045       175.00           0.00049    0.00047    0.00002    0.00000    0.00000    0.00000    0.00000    0.00000
      218.12           0.01297    0.01204    0.01121    0.00083       189.69           0.00106    0.00100    0.00006    0.00000    0.00000    0.00000    0.00000    0.00000
      250.00           0.02626    0.02483    0.02282    0.00201       200.00           0.00178    0.00167    0.00011    0.00000    0.00000    0.00000    0.00000    0.00000
      262.32           0.03608    0.03109    0.02840    0.00268       228.12           0.00574    0.00524    0.00047    0.00003    0.00000    0.00000    0.00000    0.00000
      300.00           0.06323    0.05362    0.04793    0.00569       250.00           0.01153    0.01024    0.00119    0.00009    0.00001    0.00000    0.00000    0.00000
      315.47           0.10317    0.06417    0.05679    0.00738       300.00           0.04101    0.03391    0.00619    0.00077    0.00011    0.00003    0.00000    0.00000
      350.00           0.19027    0.08831    0.07623    0.01208       350.00           0.10195    0.07618    0.02083    0.00375    0.00086    0.00026    0.00007    0.00000
      379.38           0.31965    0.10981    0.09252    0.01729       400.00           0.19902    0.12911    0.05025    0.01284    0.00426    0.00181    0.00075    0.00000
      400.00           0.48394    0.12456    0.10294    0.02161       450.00           0.31946    0.17269    0.08948    0.03027    0.01433    0.00773    0.00494    0.00002
      450.00           0.64800    0.15752    0.12417    0.03335       500.00           0.44143    0.19194    0.12176    0.05162    0.03314    0.02221    0.02061    0.00015
      456.25           0.95861    0.16177    0.12673    0.03504       600.00           0.60593    0.17921    0.13648    0.07358    0.06701    0.05998    0.08846    0.00121
      500.00           1.11690    0.18621    0.13952    0.04668       700.00           0.66478    0.15150    0.12194    0.07190    0.07635    0.08191    0.15785    0.00334
      600.00           1.11297    0.22646    0.15318    0.07328       800.00           0.66488    0.12849    0.10528    0.06388    0.07278    0.08666    0.20172    0.00607
      700.00           1.05949    0.24179    0.14925    0.09254       900.00           0.63599    0.11009    0.09141    0.05598    0.06572    0.08331    0.22044    0.00904
      800.00           0.98543    0.24245    0.13850    0.10395      1000.00           0.59438    0.09534    0.08011    0.04923    0.05867    0.07686    0.22232    0.01185
      900.00           0.90820    0.23433    0.12589    0.10844      1250.00           0.48519    0.06888    0.05982    0.03679    0.04496    0.06068    0.19741    0.01664
     1000.00           0.81684    0.22227    0.11385    0.10843      1500.00           0.39638    0.05167    0.04624    0.02854    0.03564    0.04878    0.16689    0.01860
     1250.00           0.64851    0.18982    0.08997    0.09985      1750.00           0.32763    0.03981    0.03672    0.02272    0.02910    0.04003    0.14030    0.01896
     1500.00           0.52757    0.16214    0.07349    0.08865      2000.00           0.27407    0.03125    0.02976    0.01839    0.02411    0.03343    0.11879    0.01834
     1750.00           0.13851    0.13851    0.06095    0.07756         0.00           0.00000    0.00000    0.00000    0.00000    0.00000    0.00000    0.00000    0.00000
     2000.00           0.12023    0.12023    0.05169    0.06854         0.00           0.00000    0.00000    0.00000    0.00000    0.00000    0.00000    0.00000    0.00000
     5000.00           0.03116    0.03116    0.01087    0.02029         0.00           0.00000    0.00000    0.00000    0.00000    0.00000    0.00000    0.00000    0.00000
    10000.00           0.00493    0.00493    0.00121    0.00373         0.00           0.00000    0.00000    0.00000    0.00000    0.00000    0.00000    0.00000    0.00000
    25000.00           0.00012    0.00012    0.00003    0.00009         0.00           0.00000    0.00000    0.00000    0.00000    0.00000    0.00000    0.00000    0.00000

 Viewing Angle:   80.0°
 Ion Energy [keV/u]      Total    O_Total         O6         O7  Ion Energy [keV/u]    S_Total         S8         S9        S10        S11        S12        S13        S14
       10.00           0.00000    0.00000    0.00000    0.00000         5.31           0.00000    0.00000    0.00000    0.00000    0.00000    0.00000    0.00000    0.00000
       11.62           0.00000    0.00000    0.00000    0.00000         6.06           0.00000    0.00000    0.00000    0.00000    0.00000    0.00000    0.00000    0.00000
       12.66           0.00000    0.00000    0.00000    0.00000         6.89           0.00000    0.00000    0.00000    0.00000    0.00000    0.00000    0.00000    0.00000
       13.79           0.00000    0.00000    0.00000    0.00000         7.76           0.00000    0.00000    0.00000    0.00000    0.00000    0.00000    0.00000    0.00000
       15.02           0.00000    0.00000    0.00000    0.00000         8.71           0.00000    0.00000    0.00000    0.00000    0.00000    0.00000    0.00000    0.00000
       16.18           0.00000    0.00000    0.00000    0.00000        10.00           0.00000    0.00000    0.00000    0.00000    0.00000    0.00000    0.00000    0.00000
       17.43           0.00000    0.00000    0.00000    0.00000        11.14           0.00000    0.00000    0.00000    0.00000    0.00000    0.00000    0.00000    0.00000
       18.77           0.00000    0.00000    0.00000    0.00000        12.27           0.00000    0.00000    0.00000    0.00000    0.00000    0.00000    0.00000    0.00000
       20.23           0.00000    0.00000    0.00000    0.00000        13.52           0.00000    0.00000    0.00000    0.00000    0.00000    0.00000    0.00000    0.00000
       22.28           0.00000    0.00000    0.00000    0.00000        14.89           0.00000    0.00000    0.00000    0.00000    0.00000    0.00000    0.00000    0.00000
       24.54           0.00000    0.00000    0.00000    0.00000        16.66           0.00000    0.00000    0.00000    0.00000    0.00000    0.00000    0.00000    0.00000
       27.04           0.00000    0.00000    0.00000    0.00000        18.64           0.00000    0.00000    0.00000    0.00000    0.00000    0.00000    0.00000    0.00000
       29.78           0.00000    0.00000    0.00000    0.00000        20.85           0.00000    0.00000    0.00000    0.00000    0.00000    0.00000    0.00000    0.00000
       33.32           0.00000    0.00000    0.00000    0.00000        23.33           0.00000    0.00000    0.00000    0.00000    0.00000    0.00000    0.00000    0.00000
       37.28           0.00000    0.00000    0.00000    0.00000        24.82           0.00000    0.00000    0.00000    0.00000    0.00000    0.00000    0.00000    0.00000
       41.70           0.00000    0.00000    0.00000    0.00000        26.40           0.00000    0.00000    0.00000    0.00000    0.00000    0.00000    0.00000    0.00000
       46.65           0.00000    0.00000    0.00000    0.00000        28.09           0.00000    0.00000    0.00000    0.00000    0.00000    0.00000    0.00000    0.00000
       50.00           0.00000    0.00000    0.00000    0.00000        29.89           0.00000    0.00000    0.00000    0.00000    0.00000    0.00000    0.00000    0.00000
       52.81           0.00000    0.00000    0.00000    0.00000        31.89           0.00000    0.00000    0.00000    0.00000    0.00000    0.00000    0.00000    0.00000
       56.18           0.00000    0.00000    0.00000    0.00000        34.03           0.00000    0.00000    0.00000    0.00000    0.00000    0.00000    0.00000    0.00000
       59.77           0.00000    0.00000    0.00000    0.00000        36.32           0.00000    0.00000    0.00000    0.00000    0.00000    0.00000    0.00000    0.00000
       63.78           0.00000    0.00000    0.00000    0.00000        38.76           0.00000    0.00000    0.00000    0.00000    0.00000    0.00000    0.00000    0.00000
       68.07           0.00000    0.00000    0.00000    0.00000        43.29           0.00000    0.00000    0.00000    0.00000    0.00000    0.00000    0.00000    0.00000
       72.64           0.00000    0.00000    0.00000    0.00000        48.35           0.00000    0.00000    0.00000    0.00000    0.00000    0.00000    0.00000    0.00000
       75.00           0.00000    0.00000    0.00000    0.00000        50.00           0.00000    0.00000    0.00000    0.00000    0.00000    0.00000    0.00000    0.00000
       77.52           0.00000    0.00000    0.00000    0.00000        54.01           0.00000    0.00000    0.00000    0.00000    0.00000    0.00000    0.00000    0.00000
       86.59           0.00000    0.00000    0.00000    0.00000        60.32           0.00000    0.00000    0.00000    0.00000    0.00000    0.00000    0.00000    0.00000
       96.71           0.00002    0.00002    0.00002    0.00000        69.95           0.00000    0.00000    0.00000    0.00000    0.00000    0.00000    0.00000    0.00000
      100.00           0.00002    0.00002    0.00002    0.00000        75.00           0.00000    0.00000    0.00000    0.00000    0.00000    0.00000    0.00000    0.00000
      108.02           0.00005    0.00005    0.00004    0.00000        81.11           0.00000    0.00000    0.00000    0.00000    0.00000    0.00000    0.00000    0.00000
      120.65           0.00013    0.00013    0.00013    0.00000        94.05           0.00000    0.00000    0.00000    0.00000    0.00000    0.00000    0.00000    0.00000
      125.00           0.00018    0.00018    0.00017    0.00001       100.00           0.00000    0.00000    0.00000    0.00000    0.00000    0.00000    0.00000    0.00000
      139.90           0.00050    0.00050    0.00047    0.00002       109.06           0.00000    0.00000    0.00000    0.00000    0.00000    0.00000    0.00000    0.00000
      150.00           0.00089    0.00088    0.00084    0.00004       125.00           0.00002    0.00002    0.00000    0.00000    0.00000    0.00000    0.00000    0.00000
      162.22           0.00168    0.00165    0.00157    0.00008       131.16           0.00003    0.00003    0.00000    0.00000    0.00000    0.00000    0.00000    0.00000
      175.00           0.00306    0.00297    0.00280    0.00017       150.00           0.00010    0.00010    0.00000    0.00000    0.00000    0.00000    0.00000    0.00000
      188.11           0.00495    0.00481    0.00453    0.00028       157.73           0.00016    0.00016    0.00000    0.00000    0.00000    0.00000    0.00000    0.00000
      200.00           0.00762    0.00720    0.00675    0.00045       175.00           0.00048    0.00046    0.00002    0.00000    0.00000    0.00000    0.00000    0.00000
      218.12           0.01293    0.01203    0.01120    0.00083       189.69           0.00103    0.00097    0.00006    0.00000    0.00000    0.00000    0.00000    0.00000
      250.00           0.02617    0.02479    0.02278    0.00201       200.00           0.00173    0.00162    0.00011    0.00000    0.00000    0.00000    0.00000    0.00000
      262.32           0.03585    0.03102    0.02834    0.00268       228.12           0.00555    0.00506    0.00046    0.00003    0.00000    0.00000    0.00000    0.00000
      300.00           0.06272    0.05347    0.04780    0.00567       250.00           0.01110    0.00984    0.00116    0.00009    0.00001    0.00000    0.00000    0.00000
      315.47           0.10099    0.06397    0.05661    0.00736       300.00           0.03893    0.03200    0.00603    0.00076    0.00011    0.00003    0.00000    0.00000
      350.00           0.18345    0.08795    0.07591    0.01204       350.00           0.09549    0.07051    0.02013    0.00367    0.00085    0.00026    0.00007    0.00000
      379.38           0.30334    0.10926    0.09203    0.01723       400.00           0.18408    0.11672    0.04811    0.01250    0.00421    0.00179    0.00075    0.00000
      400.00           0.45270    0.12383    0.10232    0.02151       450.00           0.29233    0.15163    0.08471    0.02930    0.01413    0.00765    0.00490    0.00002
      450.00           0.60152    0.15626    0.12311    0.03316       500.00           0.40073    0.16248    0.11359    0.04957    0.03258    0.02194    0.02041    0.00015
      456.25           0.87192    0.16043    0.12560    0.03483       600.00           0.54102    0.13816    0.12174    0.06880    0.06515    0.05884    0.08713    0.00121
      500.00           0.99626    0.18421    0.13787    0.04634       700.00           0.58004    0.10425    0.10197    0.06436    0.07277    0.07931    0.15406    0.00331
      600.00           0.97158    0.22222    0.14981    0.07241       800.00           0.56202    0.07775    0.08107    0.05370    0.06721    0.08217    0.19411    0.00601
      700.00           0.89815    0.23436    0.14353    0.09083       900.00           0.51628    0.05797    0.06380    0.04334    0.05798    0.07651    0.20778    0.00890
      800.00           0.80571    0.23113    0.13006    0.10107      1000.00           0.45966    0.04345    0.05016    0.03452    0.04872    0.06752    0.20369    0.01161
      900.00           0.67162    0.21890    0.11476    0.10415      1250.00           0.32596    0.02220    0.02817    0.01954    0.03095    0.04572    0.16341    0.01597
     1000.00           0.54916    0.20282    0.10024    0.10258      1500.00           0.23090    0.01231    0.01657    0.01152    0.02018    0.03088    0.12204    0.01739
     1250.00           0.39570    0.16157    0.07150    0.09008      1750.00           0.16723    0.00735    0.01025    0.00715    0.01371    0.02135    0.09018    0.01724
     1500.00           0.29195    0.12706    0.05176    0.07529      2000.00           0.12367    0.00466    0.00662    0.00459    0.00952    0.01510    0.06700    0.01618
     1750.00           0.09930    0.09930    0.03774    0.06155         0.00           0.00000    0.00000    0.00000    0.00000    0.00000    0.00000    0.00000    0.00000
     2000.00           0.07804    0.07804    0.02774    0.05030         0.00           0.00000    0.00000    0.00000    0.00000    0.00000    0.00000    0.00000    0.00000
     5000.00           0.00553    0.00553    0.00113    0.00440         0.00           0.00000    0.00000    0.00000    0.00000    0.00000    0.00000    0.00000    0.00000
    10000.00           0.00033    0.00033    0.00007    0.00026         0.00           0.00000    0.00000    0.00000    0.00000    0.00000    0.00000    0.00000    0.00000
    25000.00           0.00001    0.00001    0.00000    0.00001         0.00           0.00000    0.00000    0.00000    0.00000    0.00000    0.00000    0.00000    0.00000

 Viewing Angle:   90.0°
 Ion Energy [keV/u]      Total    O_Total         O6         O7  Ion Energy [keV/u]    S_Total         S8         S9        S10        S11        S12        S13        S14
       10.00           0.00000    0.00000    0.00000    0.00000         5.31           0.00000    0.00000    0.00000    0.00000    0.00000    0.00000    0.00000    0.00000
       11.62           0.00000    0.00000    0.00000    0.00000         6.06           0.00000    0.00000    0.00000    0.00000    0.00000    0.00000    0.00000    0.00000
       12.66           0.00000    0.00000    0.00000    0.00000         6.89           0.00000    0.00000    0.00000    0.00000    0.00000    0.00000    0.00000    0.00000
       13.79           0.00000    0.00000    0.00000    0.00000         7.76           0.00000    0.00000    0.00000    0.00000    0.00000    0.00000    0.00000    0.00000
       15.02           0.00000    0.00000    0.00000    0.00000         8.71           0.00000    0.00000    0.00000    0.00000    0.00000    0.00000    0.00000    0.00000
       16.18           0.00000    0.00000    0.00000    0.00000        10.00           0.00000    0.00000    0.00000    0.00000    0.00000    0.00000    0.00000    0.00000
       17.43           0.00000    0.00000    0.00000    0.00000        11.14           0.00000    0.00000    0.00000    0.00000    0.00000    0.00000    0.00000    0.00000
       18.77           0.00000    0.00000    0.00000    0.00000        12.27           0.00000    0.00000    0.00000    0.00000    0.00000    0.00000    0.00000    0.00000
       20.23           0.00000    0.00000    0.00000    0.00000        13.52           0.00000    0.00000    0.00000    0.00000    0.00000    0.00000    0.00000    0.00000
       22.28           0.00000    0.00000    0.00000    0.00000        14.89           0.00000    0.00000    0.00000    0.00000    0.00000    0.00000    0.00000    0.00000
       24.54           0.00000    0.00000    0.00000    0.00000        16.66           0.00000    0.00000    0.00000    0.00000    0.00000    0.00000    0.00000    0.00000
       27.04           0.00000    0.00000    0.00000    0.00000        18.64           0.00000    0.00000    0.00000    0.00000    0.00000    0.00000    0.00000    0.00000
       29.78           0.00000    0.00000    0.00000    0.00000        20.85           0.00000    0.00000    0.00000    0.00000    0.00000    0.00000    0.00000    0.00000
       33.32           0.00000    0.00000    0.00000    0.00000        23.33           0.00000    0.00000    0.00000    0.00000    0.00000    0.00000    0.00000    0.00000
       37.28           0.00000    0.00000    0.00000    0.00000        24.82           0.00000    0.00000    0.00000    0.00000    0.00000    0.00000    0.00000    0.00000
       41.70           0.00000    0.00000    0.00000    0.00000        26.40           0.00000    0.00000    0.00000    0.00000    0.00000    0.00000    0.00000    0.00000
       46.65           0.00000    0.00000    0.00000    0.00000        28.09           0.00000    0.00000    0.00000    0.00000    0.00000    0.00000    0.00000    0.00000
       50.00           0.00000    0.00000    0.00000    0.00000        29.89           0.00000    0.00000    0.00000    0.00000    0.00000    0.00000    0.00000    0.00000
       52.81           0.00000    0.00000    0.00000    0.00000        31.89           0.00000    0.00000    0.00000    0.00000    0.00000    0.00000    0.00000    0.00000
       56.18           0.00000    0.00000    0.00000    0.00000        34.03           0.00000    0.00000    0.00000    0.00000    0.00000    0.00000    0.00000    0.00000
       59.77           0.00000    0.00000    0.00000    0.00000        36.32           0.00000    0.00000    0.00000    0.00000    0.00000    0.00000    0.00000    0.00000
       63.78           0.00000    0.00000    0.00000    0.00000        38.76           0.00000    0.00000    0.00000    0.00000    0.00000    0.00000    0.00000    0.00000
       68.07           0.00000    0.00000    0.00000    0.00000        43.29           0.00000    0.00000    0.00000    0.00000    0.00000    0.00000    0.00000    0.00000
       72.64           0.00000    0.00000    0.00000    0.00000        48.35           0.00000    0.00000    0.00000    0.00000    0.00000    0.00000    0.00000    0.00000
       75.00           0.00000    0.00000    0.00000    0.00000        50.00           0.00000    0.00000    0.00000    0.00000    0.00000    0.00000    0.00000    0.00000
       77.52           0.00000    0.00000    0.00000    0.00000        54.01           0.00000    0.00000    0.00000    0.00000    0.00000    0.00000    0.00000    0.00000
       86.59           0.00000    0.00000    0.00000    0.00000        60.32           0.00000    0.00000    0.00000    0.00000    0.00000    0.00000    0.00000    0.00000
       96.71           0.00002    0.00002    0.00001    0.00000        69.95           0.00000    0.00000    0.00000    0.00000    0.00000    0.00000    0.00000    0.00000
      100.00           0.00002    0.00002    0.00002    0.00000        75.00           0.00000    0.00000    0.00000    0.00000    0.00000    0.00000    0.00000    0.00000
      108.02           0.00005    0.00005    0.00004    0.00000        81.11           0.00000    0.00000    0.00000    0.00000    0.00000    0.00000    0.00000    0.00000
      120.65           0.00013    0.00013    0.00013    0.00000        94.05           0.00000    0.00000    0.00000    0.00000    0.00000    0.00000    0.00000    0.00000
      125.00           0.00018    0.00018    0.00017    0.00001       100.00           0.00000    0.00000    0.00000    0.00000    0.00000    0.00000    0.00000    0.00000
      139.90           0.00050    0.00049    0.00047    0.00002       109.06           0.00000    0.00000    0.00000    0.00000    0.00000    0.00000    0.00000    0.00000
      150.00           0.00088    0.00087    0.00083    0.00004       125.00           0.00002    0.00001    0.00000    0.00000    0.00000    0.00000    0.00000    0.00000
      162.22           0.00167    0.00164    0.00156    0.00008       131.16           0.00003    0.00002    0.00000    0.00000    0.00000    0.00000    0.00000    0.00000
      175.00           0.00303    0.00295    0.00279    0.00017       150.00           0.00009    0.00009    0.00000    0.00000    0.00000    0.00000    0.00000    0.00000
      188.11           0.00490    0.00478    0.00450    0.00028       157.73           0.00015    0.00014    0.00000    0.00000    0.00000    0.00000    0.00000    0.00000
      200.00           0.00752    0.00715    0.00670    0.00045       175.00           0.00043    0.00041    0.00002    0.00000    0.00000    0.00000    0.00000    0.00000
      218.12           0.01271    0.01193    0.01110    0.00082       189.69           0.00090    0.00085    0.00005    0.00000    0.00000    0.00000    0.00000    0.00000
      250.00           0.02571    0.02450    0.02251    0.00199       200.00           0.00150    0.00140    0.00010    0.00000    0.00000    0.00000    0.00000    0.00000
      262.32           0.03468    0.03062    0.02797    0.00265       228.12           0.00467    0.00422    0.00042    0.00003    0.00000    0.00000    0.00000    0.00000
      300.00           0.06008    0.05250    0.04690    0.00560       250.00           0.00910    0.00796    0.00105    0.00008    0.00001    0.00000    0.00000    0.00000
      315.47           0.09105    0.06263    0.05537    0.00725       300.00           0.02989    0.02387    0.00519    0.00068    0.00011    0.00003    0.00000    0.00000
      350.00           0.15474    0.08546    0.07364    0.01182       350.00           0.06928    0.04837    0.01656    0.00324    0.00080    0.00025    0.00006    0.00000
      379.38           0.23959    0.10530    0.08845    0.01685       400.00           0.12737    0.07273    0.03760    0.01071    0.00391    0.00170    0.00072    0.00000
      400.00           0.33840    0.11853    0.09755    0.02098       450.00           0.19544    0.08421    0.06225    0.02418    0.01292    0.00718    0.00468    0.00002
      450.00           0.43875    0.14653    0.11448    0.03205       500.00           0.26300    0.07789    0.07701    0.03900    0.02926    0.02035    0.01935    0.00015
      456.25           0.59846    0.14997    0.11634    0.03363       600.00           0.34104    0.04480    0.06372    0.04579    0.05407    0.05178    0.07970    0.00118
      500.00           0.64585    0.16801    0.12372    0.04429       700.00           0.34131    0.02137    0.03639    0.03238    0.05213    0.06319    0.13267    0.00318
      600.00           0.58435    0.18628    0.11957    0.06671       800.00           0.29856    0.01059    0.01843    0.01833    0.03799    0.05554    0.15203    0.00566
      700.00           0.48210    0.17402    0.09536    0.07866       900.00           0.23962    0.00599    0.00957    0.00963    0.02374    0.04068    0.14184    0.00817
      800.00           0.37509    0.14764    0.06782    0.07982      1000.00           0.18196    0.00379    0.00562    0.00534    0.01387    0.02666    0.11634    0.01033
      900.00           0.24002    0.11843    0.04539    0.07304      1250.00           0.08754    0.00163    0.00220    0.00186    0.00432    0.00872    0.05583    0.01299
     1000.00           0.16523    0.09267    0.03000    0.06267      1500.00           0.04837    0.00088    0.00113    0.00092    0.00196    0.00368    0.02668    0.01312
     1250.00           0.09276    0.04943    0.01143    0.03800      1750.00           0.03096    0.00053    0.00066    0.00053    0.00110    0.00192    0.01381    0.01241
     1500.00           0.05566    0.02648    0.00491    0.02157      2000.00           0.02188    0.00035    0.00043    0.00034    0.00068    0.00114    0.00763    0.01131
     1750.00           0.01484    0.01484    0.00251    0.01233         0.00           0.00000    0.00000    0.00000    0.00000    0.00000    0.00000    0.00000    0.00000
     2000.00           0.00854    0.00854    0.00138    0.00715         0.00           0.00000    0.00000    0.00000    0.00000    0.00000    0.00000    0.00000    0.00000
     5000.00           0.00022    0.00022    0.00004    0.00018         0.00           0.00000    0.00000    0.00000    0.00000    0.00000    0.00000    0.00000    0.00000
    10000.00           0.00001    0.00001    0.00000    0.00001         0.00           0.00000    0.00000    0.00000    0.00000    0.00000    0.00000    0.00000    0.00000
    25000.00           0.00000    0.00000    0.00000    0.00000         0.00           0.00000    0.00000    0.00000    0.00000    0.00000    0.00000    0.00000    0.00000

 No opacity effects
 Ion Energy [keV/u]      Total    O_Total         O6         O7  Ion Energy [keV/u]    S_Total         S8         S9        S10        S11        S12        S13        S14
       10.00           0.00000    0.00000    0.00000    0.00000         5.31           0.00000    0.00000    0.00000    0.00000    0.00000    0.00000    0.00000    0.00000
       11.62           0.00000    0.00000    0.00000    0.00000         6.06           0.00000    0.00000    0.00000    0.00000    0.00000    0.00000    0.00000    0.00000
       12.66           0.00000    0.00000    0.00000    0.00000         6.89           0.00000    0.00000    0.00000    0.00000    0.00000    0.00000    0.00000    0.00000
       13.79           0.00000    0.00000    0.00000    0.00000         7.76           0.00000    0.00000    0.00000    0.00000    0.00000    0.00000    0.00000    0.00000
       15.02           0.00000    0.00000    0.00000    0.00000         8.71           0.00000    0.00000    0.00000    0.00000    0.00000    0.00000    0.00000    0.00000
       16.18           0.00000    0.00000    0.00000    0.00000        10.00           0.00000    0.00000    0.00000    0.00000    0.00000    0.00000    0.00000    0.00000
       17.43           0.00000    0.00000    0.00000    0.00000        11.14           0.00000    0.00000    0.00000    0.00000    0.00000    0.00000    0.00000    0.00000
       18.77           0.00000    0.00000    0.00000    0.00000        12.27           0.00000    0.00000    0.00000    0.00000    0.00000    0.00000    0.00000    0.00000
       20.23           0.00000    0.00000    0.00000    0.00000        13.52           0.00000    0.00000    0.00000    0.00000    0.00000    0.00000    0.00000    0.00000
       22.28           0.00000    0.00000    0.00000    0.00000        14.89           0.00000    0.00000    0.00000    0.00000    0.00000    0.00000    0.00000    0.00000
       24.54           0.00000    0.00000    0.00000    0.00000        16.66           0.00000    0.00000    0.00000    0.00000    0.00000    0.00000    0.00000    0.00000
       27.04           0.00000    0.00000    0.00000    0.00000        18.64           0.00000    0.00000    0.00000    0.00000    0.00000    0.00000    0.00000    0.00000
       29.78           0.00000    0.00000    0.00000    0.00000        20.85           0.00000    0.00000    0.00000    0.00000    0.00000    0.00000    0.00000    0.00000
       33.32           0.00000    0.00000    0.00000    0.00000        23.33           0.00000    0.00000    0.00000    0.00000    0.00000    0.00000    0.00000    0.00000
       37.28           0.00000    0.00000    0.00000    0.00000        24.82           0.00000    0.00000    0.00000    0.00000    0.00000    0.00000    0.00000    0.00000
       41.70           0.00000    0.00000    0.00000    0.00000        26.40           0.00000    0.00000    0.00000    0.00000    0.00000    0.00000    0.00000    0.00000
       46.65           0.00000    0.00000    0.00000    0.00000        28.09           0.00000    0.00000    0.00000    0.00000    0.00000    0.00000    0.00000    0.00000
       50.00           0.00000    0.00000    0.00000    0.00000        29.89           0.00000    0.00000    0.00000    0.00000    0.00000    0.00000    0.00000    0.00000
       52.81           0.00000    0.00000    0.00000    0.00000        31.89           0.00000    0.00000    0.00000    0.00000    0.00000    0.00000    0.00000    0.00000
       56.18           0.00000    0.00000    0.00000    0.00000        34.03           0.00000    0.00000    0.00000    0.00000    0.00000    0.00000    0.00000    0.00000
       59.77           0.00000    0.00000    0.00000    0.00000        36.32           0.00000    0.00000    0.00000    0.00000    0.00000    0.00000    0.00000    0.00000
       63.78           0.00000    0.00000    0.00000    0.00000        38.76           0.00000    0.00000    0.00000    0.00000    0.00000    0.00000    0.00000    0.00000
       68.07           0.00000    0.00000    0.00000    0.00000        43.29           0.00000    0.00000    0.00000    0.00000    0.00000    0.00000    0.00000    0.00000
       72.64           0.00000    0.00000    0.00000    0.00000        48.35           0.00000    0.00000    0.00000    0.00000    0.00000    0.00000    0.00000    0.00000
       75.00           0.00000    0.00000    0.00000    0.00000        50.00           0.00000    0.00000    0.00000    0.00000    0.00000    0.00000    0.00000    0.00000
       77.52           0.00000    0.00000    0.00000    0.00000        54.01           0.00000    0.00000    0.00000    0.00000    0.00000    0.00000    0.00000    0.00000
       86.59           0.00000    0.00000    0.00000    0.00000        60.32           0.00000    0.00000    0.00000    0.00000    0.00000    0.00000    0.00000    0.00000
       96.71           0.00002    0.00002    0.00002    0.00000        69.95           0.00000    0.00000    0.00000    0.00000    0.00000    0.00000    0.00000    0.00000
      100.00           0.00002    0.00002    0.00002    0.00000        75.00           0.00000    0.00000    0.00000    0.00000    0.00000    0.00000    0.00000    0.00000
      108.02           0.00005    0.00005    0.00004    0.00000        81.11           0.00000    0.00000    0.00000    0.00000    0.00000    0.00000    0.00000    0.00000
      120.65           0.00013    0.00013    0.00013    0.00000        94.05           0.00000    0.00000    0.00000    0.00000    0.00000    0.00000    0.00000    0.00000
      125.00           0.00018    0.00018    0.00017    0.00001       100.00           0.00000    0.00000    0.00000    0.00000    0.00000    0.00000    0.00000    0.00000
      139.90           0.00050    0.00050    0.00047    0.00002       109.06           0.00000    0.00000    0.00000    0.00000    0.00000    0.00000    0.00000    0.00000
      150.00           0.00089    0.00088    0.00084    0.00004       125.00           0.00002    0.00002    0.00000    0.00000    0.00000    0.00000    0.00000    0.00000
      162.22           0.00168    0.00166    0.00157    0.00008       131.16           0.00003    0.00003    0.00000    0.00000    0.00000    0.00000    0.00000    0.00000
      175.00           0.00306    0.00297    0.00281    0.00017       150.00           0.00010    0.00010    0.00000    0.00000    0.00000    0.00000    0.00000    0.00000
      188.11           0.00496    0.00482    0.00454    0.00029       157.73           0.00017    0.00016    0.00000    0.00000    0.00000    0.00000    0.00000    0.00000
      200.00           0.00765    0.00721    0.00676    0.00045       175.00           0.00050    0.00048    0.00002    0.00000    0.00000    0.00000    0.00000    0.00000
      218.12           0.01298    0.01205    0.01122    0.00083       189.69           0.00107    0.00101    0.00006    0.00000    0.00000    0.00000    0.00000    0.00000
      250.00           0.02628    0.02484    0.02283    0.00201       200.00           0.00179    0.00168    0.00011    0.00000    0.00000    0.00000    0.00000    0.00000
      262.32           0.03613    0.03110    0.02841    0.00269       228.12           0.00578    0.00528    0.00047    0.00003    0.00000    0.00000    0.00000    0.00000
      300.00           0.06334    0.05365    0.04796    0.00569       250.00           0.01163    0.01033    0.00119    0.00009    0.00001    0.00000    0.00000    0.00000
      315.47           0.10367    0.06421    0.05683    0.00739       300.00           0.04149    0.03435    0.00622    0.00077    0.00011    0.00003    0.00000    0.00000
      350.00           0.19185    0.08839    0.07630    0.01209       350.00           0.10346    0.07751    0.02099    0.00377    0.00086    0.00026    0.00007    0.00000
      379.38           0.32353    0.10993    0.09262    0.01731       400.00           0.20259    0.13211    0.05073    0.01291    0.00427    0.00181    0.00076    0.00000
      400.00           0.49157    0.12471    0.10308    0.02163       450.00           0.32610    0.17796    0.09057    0.03048    0.01437    0.00774    0.00495    0.00002
      450.00           0.65959    0.15779    0.12439    0.03339       500.00           0.45162    0.19957    0.12365    0.05208    0.03326    0.02226    0.02065    0.00015
      456.25           0.98121    0.16206    0.12697    0.03509       600.00           0.62289    0.19061    0.14001    0.07467    0.06741    0.06023    0.08874    0.00122
      500.00           1.14974    0.18664    0.13987    0.04676       700.00           0.68793    0.16565    0.12694    0.07368    0.07715    0.08247    0.15869    0.00334
      600.00           1.15326    0.22740    0.15391    0.07349       800.00           0.69440    0.14505    0.11168    0.06641    0.07405    0.08766    0.20345    0.00609
      700.00           1.10777    0.24347    0.15051    0.09296       900.00           0.67223    0.12878    0.09920    0.05931    0.06757    0.08488    0.22342    0.00907
      800.00           1.04205    0.24508    0.14038    0.10470      1000.00           0.63758    0.11593    0.08921    0.05339    0.06117    0.07910    0.22688    0.01191
      900.00           0.99391    0.23801    0.12843    0.10958      1250.00           0.54425    0.09275    0.07149    0.04272    0.04902    0.06474    0.20672    0.01681
     1000.00           0.92790    0.22705    0.11703    0.11002      1500.00           0.46723    0.07726    0.05951    0.03565    0.04084    0.05431    0.18070    0.01895
     1250.00           0.76627    0.19728    0.09460    0.10269      1750.00           0.40642    0.06618    0.05094    0.03055    0.03507    0.04660    0.15759    0.01950
     1500.00           0.65021    0.17209    0.07939    0.09270      2000.00           0.35859    0.05796    0.04462    0.02672    0.03063    0.04077    0.13882    0.01907
     1750.00           0.15046    0.15046    0.06784    0.08262         0.00           0.00000    0.00000    0.00000    0.00000    0.00000    0.00000    0.00000    0.00000
     2000.00           0.13407    0.13407    0.05952    0.07455         0.00           0.00000    0.00000    0.00000    0.00000    0.00000    0.00000    0.00000    0.00000
     5000.00           0.05603    0.05603    0.02374    0.03229         0.00           0.00000    0.00000    0.00000    0.00000    0.00000    0.00000    0.00000    0.00000
    10000.00           0.02810    0.02810    0.01182    0.01628         0.00           0.00000    0.00000    0.00000    0.00000    0.00000    0.00000    0.00000    0.00000
    25000.00           0.01133    0.01133    0.00477    0.00657         0.00           0.00000    0.00000    0.00000    0.00000    0.00000    0.00000    0.00000    0.00000

